9.166666 2.333333 8.000000 10.333333 13.000000 6.833333 
5.333333 8.666666 15.666666 1.833333 2.833333 13.833333 
13.833333 2.166666 10.166666 11.500000 7.333333 6.500000 
12.833333 5.666666 5.666666 .333333 15.500000 4.000000 
4.166666 4.666666 8.166666 15.333333 .500000 1.333333 
7.333333 14.500000 10.500000 10.333333 3.833333 16.333333 
15.000000 3.333333 1.000000 13.166666 5.333333 5.000000 
12.166666 15.166666 6.833333 6.000000 0 15.500000 
10.500000 16.000000 2.833333 9.333333 5.000000 13.500000 
6.166666 9.333333 5.833333 15.000000 11.500000 5.833333 
5.333333 9.000000 14.500000 10.166666 13.500000 16.500000 
3.500000 12.833333 7.833333 9.000000 16.500000 6.000000 
15.500000 1.166666 14.166666 2.000000 11.166666 2.666666 
10.833333 8.833333 4.500000 9.833333 16.333333 15.666666 
3.833333 1.166666 9.833333 3.166666 12.500000 2.166666 
7.833333 11.333333 13.166666 13.833333 13.500000 14.333333 
8.500000 8.166666 14.000000 16.000000 11.833333 15.666666 
3.833333 16.500000 1.500000 2.833333 9.166666 11.666666 
8.166666 13.166666 10.333333 8.500000 1.000000 16.000000 
9.333333 2.666666 8.500000 3.000000 1.833333 3.833333 
16.333333 0 13.000000 13.333333 12.500000 8.833333 
12.833333 5.000000 9.666666 6.833333 14.333333 2.833333 
15.500000 6.666666 10.333333 6.166666 15.333333 3.333333 
5.000000 14.333333 10.500000 7.500000 11.666666 16.500000 
.333333 10.500000 14.833333 6.833333 15.833333 14.000000 
12.833333 1.666666 14.500000 4.000000 .333333 14.333333 
7.166666 2.833333 13.666666 3.500000 8.666666 2.000000 
5.500000 10.833333 16.333333 6.333333 3.166666 1.666666 
8.666666 2.833333 11.333333 4.333333 10.166666 .833333 
6.500000 15.666666 6.666666 16.500000 8.000000 3.333333 
9.666666 13.166666 13.166666 11.500000 11.833333 10.666666 
1.000000 2.000000 16.166666 .666666 2.666666 16.333333 
13.166666 0 6.666666 13.833333 8.166666 10.833333 
8.500000 2.166666 4.833333 14.000000 10.333333 4.833333 
10.000000 5.666666 2.000000 .166666 2.000000 5.333333 
6.000000 15.333333 2.500000 7.333333 13.666666 10.000000 
1.000000 1.666666 12.000000 3.666666 10.333333 10.333333 
11.500000 16.333333 .500000 5.666666 2.666666 10.166666 
3.500000 4.166666 .333333 4.000000 15.500000 7.500000 
13.666666 3.000000 .333333 13.166666 8.500000 12.166666 
15.500000 9.500000 12.500000 8.666666 12.833333 4.500000 
1.666666 10.166666 15.500000 13.166666 12.333333 11.166666 
1.000000 7.500000 15.666666 11.166666 11.333333 10.500000 
.333333 9.000000 1.333333 5.333333 14.333333 8.166666 
10.000000 8.666666 3.666666 .166666 3.166666 12.166666 
13.000000 11.666666 14.500000 14.500000 6.500000 14.333333 
0 11.000000 14.833333 10.166666 4.666666 7.000000 
14.166666 6.000000 13.500000 7.500000 8.166666 13.333333 
16.000000 5.166666 13.666666 5.333333 14.666666 2.500000 
11.666666 15.833333 .500000 8.833333 5.166666 8.000000 
