6.111111 1.555555 5.333333 6.888888 8.666666 4.555555 
3.555555 5.777777 10.444444 1.222222 1.888888 9.222222 
9.222222 1.444444 6.777777 7.666666 4.888888 4.333333 
8.555555 3.777777 3.777777 .222222 10.333333 2.666666 
2.777777 3.111111 5.444444 10.222222 .333333 .888888 
4.888888 9.666666 7.000000 6.888888 2.555555 10.888888 
10.000000 2.222222 .666666 8.777777 3.555555 3.333333 
8.111111 10.111111 4.555555 4.000000 0 10.333333 
7.000000 10.666666 1.888888 6.222222 3.333333 9.000000 
4.111111 6.222222 3.888888 10.000000 7.666666 3.888888 
3.555555 6.000000 9.666666 6.777777 9.000000 11.000000 
2.333333 8.555555 5.222222 6.000000 11.000000 4.000000 
10.333333 .777777 9.444444 1.333333 7.444444 1.777777 
7.222222 5.888888 3.000000 6.555555 10.888888 10.444444 
2.555555 .777777 6.555555 2.111111 8.333333 1.444444 
5.222222 7.555555 8.777777 9.222222 9.000000 9.555555 
5.666666 5.444444 9.333333 10.666666 7.888888 10.444444 
2.555555 11.000000 1.000000 1.888888 6.111111 7.777777 
5.444444 8.777777 6.888888 5.666666 .666666 10.666666 
6.222222 1.777777 5.666666 2.000000 1.222222 2.555555 
10.888888 0 8.666666 8.888888 8.333333 5.888888 
8.555555 3.333333 6.444444 4.555555 9.555555 1.888888 
10.333333 4.444444 6.888888 4.111111 10.222222 2.222222 
3.333333 9.555555 7.000000 5.000000 7.777777 11.000000 
.222222 7.000000 9.888888 4.555555 10.555555 9.333333 
8.555555 1.111111 9.666666 2.666666 .222222 9.555555 
4.777777 1.888888 9.111111 2.333333 5.777777 1.333333 
3.666666 7.222222 10.888888 4.222222 2.111111 1.111111 
5.777777 1.888888 7.555555 2.888888 6.777777 .555555 
4.333333 10.444444 4.444444 11.000000 5.333333 2.222222 
6.444444 8.777777 8.777777 7.666666 7.888888 7.111111 
.666666 1.333333 10.777777 .444444 1.777777 10.888888 
8.777777 0 4.444444 9.222222 5.444444 7.222222 
5.666666 1.444444 3.222222 9.333333 6.888888 3.222222 
6.666666 3.777777 1.333333 .111111 1.333333 3.555555 
4.000000 10.222222 1.666666 4.888888 9.111111 6.666666 
.666666 1.111111 8.000000 2.444444 6.888888 6.888888 
7.666666 10.888888 .333333 3.777777 1.777777 6.777777 
2.333333 2.777777 .222222 2.666666 10.333333 5.000000 
9.111111 2.000000 .222222 8.777777 5.666666 8.111111 
10.333333 6.333333 8.333333 5.777777 8.555555 3.000000 
1.111111 6.777777 10.333333 8.777777 8.222222 7.444444 
.666666 5.000000 10.444444 7.444444 7.555555 7.000000 
.222222 6.000000 .888888 3.555555 9.555555 5.444444 
6.666666 5.777777 2.444444 .111111 2.111111 8.111111 
8.666666 7.777777 9.666666 9.666666 4.333333 9.555555 
0 7.333333 9.888888 6.777777 3.111111 4.666666 
9.444444 4.000000 9.000000 5.000000 5.444444 8.888888 
10.666666 3.444444 9.111111 3.555555 9.777777 1.666666 
7.777777 10.555555 .333333 5.888888 3.444444 5.333333 
