43742
202
47401
45637
22514
11199
18907
7207
27327
25588
42459
23105
22859
33235
12593
15550
1963
28112
23628
13379
44779
18213
9150
9964
15480
35147
17820
49787
30093
43252
40653
16041
36360
12807
19313
44159
33676
14934
1529
26605
11284
34631
48460
20962
2482
35568
45941
10765
20918
2444
26995
43081
44397
13796
18831
39578
44813
41629
41684
9341
22614
9420
46290
43223
3074
552
17540
32147
13596
34391
21025
35689
34576
31984
28485
11597
13579
36481
39813
35018
49581
23088
49358
16452
40030
11767
47177
49839
18307
6991
25209
6209
37179
35950
7928
45722
12476
32226
46313
41544
2741
5249
34166
45710
24589
11227
49169
48071
14568
32486
9985
29459
12150
46203
